4029952
4120832
4121088
4114176
4114432
3822336
6080000
4905216
6080768
4118528
4118784
6080512
6084864
6084608
3822848
9268992
3822592
3823104
6079744
9269760
3634176
6081280
6080256
6073600
4910336
6012160
3857408
6085376
6084096
4113664
4113920
10273536
5650944
12004352
4124160
4124416
12002816
10273792
4121344
4121600
10274048
6084352
6085632
6079488
4119040
4120576
13075968
12130560
10713856
12009984
10274816
10714368
12917504
11314176
11313920
12918528
11314688
10423296
11278848
11279104
11322368
11321344
12918784
11319296
10499584
10321152
11279360
10714624
11315200
11316224
10275328
10274304
11315968
11320320
11313408
10275840
10275584
11245568
12100352
12099584
10713088
12246272
3635200
12246016
12926976
11006464
10499072
11318528
10498816
10321408
11317760
13360384
11323392
11322624
11322880
11323904
11324160
11320576
10749952
11326464
